# level assignment, log likelihood, tiebreaker, ID.
0 -2532.5829808 0.617531436013 15
2 -1845.65931379 0.875699838609 25
1 -2461.51182213 0.339010506975 5
4 -1814.34635639 0.939319495112 35
5 -1809.93519037 0.633141107824 14
6 -1810.51988743 0.594920287807 24
6 -1811.82685808 0.110561083342 1
7 -1800.76431479 0.726370572922 4
5 -1813.25213365 0.81971246821 16
8 -1793.85788544 0.522654857382 23
7 -1808.31915979 0.0580040095666 0
11 -1767.29220052 0.340885643878 21
12 -1752.82336972 0.711159909763 28
11 -1778.76954816 0.587065551742 6
2 -1829.08979397 0.834384992881 6
1 -2120.10070678 0.0820693940927 36
1 -1837.69335924 0.52921425638 24
6 -1799.28807086 0.563598860034 2
3 -1818.1072423 0.393686511313 20
5 -1813.27848368 0.199762787216 1
9 -1795.32584496 0.147815353118 19
4 -1814.36943454 0.0173855228984 4
2 -1851.81723806 0.593255780212 8
3 -1815.16493564 0.275596352154 39
9 -1778.16920648 0.45874889539 30
0 -1812.64913009 0.516824176094 4
3 -1815.22632584 0.556045466877 16
