0.000000000000000000e+00
4.944109065325874531e-37
5.406957485685460550e-304
4.200936893443465661e-24
3.267370149117381990e-23
1.820822579233465632e-23
4.927850104135744568e-24
5.458836686440667116e-20
3.206172801456118568e-24
1.985017890101371702e-17
1.058176995596159290e-22
5.203153327646031393e-07
1.000000000000000000e+00
9.798100839437834266e-12
7.764957234315781058e-30
1.013716257872355231e-155
1.424485873472586618e-33
2.389047003146079876e-19
2.026471342545230699e-25
3.122793401107473399e-24
4.573384399954471106e-18
4.105097196779538953e-24
1.046491034814183748e-39
3.842094238851209337e-24
1.785940490675165416e-11
5.859600997626112106e-24
3.613321356216740841e-24
