-1.588905144659169100e+00
-2.740683422738606989e+00
-1.588905144659169100e+00
-4.282923823586290979e+00
-6.642826895278377108e+00
-6.642826895278377108e+00
-6.642826895278377108e+00
-8.392696915925801804e+00
-5.647376181738403389e+00
-9.402978766164364899e+00
-7.083710195810388299e+00
-1.197917583200954361e+01
-1.197917583200954361e+01
-1.138182993293561296e+01
-2.740683422738606989e+00
-1.588905144659169100e+00
-2.740683422738606101e+00
-8.392696915925803580e+00
-3.553634551228895599e+00
-5.647376181738403389e+00
-9.402978766164366675e+00
-4.282923823586290979e+00
-2.740683422738606989e+00
-3.553634551228896488e+00
-1.138182993293561118e+01
-5.647376181738403389e+00
-3.553634551228895599e+00
