-2.309830514884716468e-01
-3.041393448921169806e+00
-3.041393448921169806e+00
-3.770213351296901827e+00
-4.895713221965790396e+00
-9.109434296309839141e+00
-1.038264199144556876e+01
-9.109434296309840917e+00
-1.195497605091250470e+01
-1.038264199144557054e+01
-1.195497605091250115e+01
-1.195497605091249760e+01
-1.038264199144556876e+01
-1.195497605091249582e+01
-1.315287913493744121e+01
-1.262910922210271991e+01
-1.416206724540499096e+01
-1.657353229852716225e+01
-1.699214370617258041e+01
-1.870178773699385033e+01
-1.938541786227047226e+01
-2.095727058617337235e+01
-2.095727058617336525e+01
-2.095727058617336880e+01
-2.169683581384694193e+01
-2.295385282235292479e+01
-2.169683581384693838e+01
-2.295385282235292124e+01
-2.295385282235292124e+01
-2.606075971736855124e+01
-2.606075971736855124e+01
-2.496167423730180346e+01
-2.656761243444254106e+01
-2.926803149598553944e+01
-2.926803149598553588e+01
-2.926803149598553588e+01
-2.295385282235292479e+01
-1.262910922210272169e+01
-1.195497605091249582e+01
-4.895713221965791284e+00
-1.262910922210272346e+01
-3.041393448921169806e+00
-1.195497605091249582e+01
-6.485633827224875247e+00
-2.095727058617336880e+01
-1.938541786227047226e+01
-3.770213351296902715e+00
-2.169683581384694193e+01
-1.525129770887273040e+01
-1.657353229852715870e+01
-2.496167423730180346e+01
-1.870178773699384323e+01
-1.870178773699384323e+01
