# level assignment, log likelihood, tiebreaker, ID.
0 -16383.8365114 0.408426907975 35
2 -189.829358318 0.17130961283 23
2 -188.985904409 0.565664005276 29
3 -181.852427396 0.604063815369 26
4 -180.760007467 0.1325148384 21
6 -180.265361442 0.178307618958 28
7 -180.250242754 0.351142194223 11
8 -180.260844707 0.149321939398 14
9 -180.22452675 0.156797015788 39
9 -180.240544711 0.531372278071 35
10 -180.2277076 0.810475282712 17
10 -180.220042119 0.332263960374 36
9 -180.246746198 0.405304698084 9
10 -180.210994093 0.0868912699192 20
12 -180.131924928 0.300256216614 28
11 -180.19532302 0.621464789885 34
13 -180.083337171 0.831188810381 0
15 -180.032556134 0.534922712282 4
16 -180.008349086 0.405637606898 0
17 -179.998289131 0.20285954264 33
17 -179.972126329 0.937437870257 34
19 -179.963048364 0.48110152593 11
19 -179.954405521 0.300337327084 25
19 -179.963651941 0.742451816793 17
20 -179.936962917 0.953758301904 19
20 -179.92380782 0.587823782061 6
20 -179.945024977 0.328989169944 19
21 -179.932622885 0.289783726345 3
21 -179.932979481 0.0519179309827 22
24 -179.902616464 0.141282809881 38
24 -179.90148431 0.65884712635 1
23 -179.90854488 0.364075583598 27
25 -179.891559403 0.652633406837 16
27 -179.867342938 0.523868240719 22
28 -179.864195565 0.36714501519 9
27 -179.864646196 0.0550386973483 18
21 -179.929652171 0.679449850178 3
9 -180.1858362 0.769972363077 12
10 -180.209109129 0.232871097806 13
4 -181.003052582 0.971716522242 12
9 -180.190323341 0.97289242338 9
1 -184.776711223 0.798164803369 18
6 -180.223863552 0.381307422046 36
4 -180.294916092 0.707509343556 22
19 -179.962921393 0.647974663469 38
17 -179.976829599 0.000174754689911 37
2 -183.024500577 0.85003683261 6
19 -179.939468923 0.0303652038026 0
13 -180.051289303 0.666883276369 28
14 -180.047038743 0.462675786231 17
23 -179.911027433 0.831014245567 8
17 -179.987691304 0.879781853644 31
17 -179.996292211 0.958765164713 21
