0.000000000000000000e+00
7.115171621633621093e-04
1.653837207696842162e-03
1.000000000000000000e+00
9.674612160333656563e-01
2.346711989388327105e-02
6.669275816758708959e-03
2.357335439158788834e-02
1.420335661995681146e-03
6.734269386226772111e-03
1.415824965033624398e-03
1.426719647546108435e-03
6.692636129652399131e-03
1.439687221015087349e-03
4.702889261515651826e-04
7.452495011300117479e-04
1.799622108011589814e-04
1.698045323367511529e-05
1.144620819435096521e-05
2.091903542330992281e-06
1.083944946093087543e-06
2.271447851193869656e-07
2.291164700435472171e-07
2.270077271181102006e-07
1.112864884564845227e-07
3.208042214003428164e-08
1.103928970431962565e-07
3.179887388985421643e-08
3.178753656016429296e-08
1.465989443973490914e-09
1.467650109673723640e-09
4.374041748659883101e-09
8.929137804639445706e-10
6.145390792810934429e-11
6.164763099813027222e-11
6.161985692292517594e-11
3.189347970353528606e-08
7.523531914405096966e-04
1.442403538874370778e-03
7.587180420771443279e-01
7.489848393756969426e-04
1.113069115078854504e-01
1.421277938189329047e-03
3.141423122797251111e-01
2.271736277509517932e-07
1.078858830409797615e-06
3.097241609500112625e-01
1.110079530002238669e-07
6.252486348461119196e-05
1.673630419381477076e-05
4.363196425809081989e-09
2.114191065229705707e-06
2.096085080061372001e-06
