# level assignment, log likelihood, tiebreaker, ID.
0 -2028.69722193 0.29017472093 20
1 -2233.44308321 0.48428617855 21
3 -2003.90676187 0.8344293712 11
4 -1998.41567472 0.909108811588 32
4 -1998.64931192 0.615213631429 29
6 -1977.4634839 0.961068513987 10
7 -1962.09333836 0.976926698623 3
5 -1982.53019207 0.880391521526 38
6 -1942.81454304 0.473645091711 22
4 -1998.05342151 0.987419307451 10
5 -1971.25415767 0.705721667019 16
1 -2016.02288555 0.96807414292 21
2 -2013.38159511 0.575408463057 28
0 -2006.08412522 0.688120367304 0
2 -2006.87619661 0.204601278888 37
4 -1998.63157622 0.633963904136 35
2 -1985.95477417 0.878491870145 9
0 -2017.42585321 0.289234426579 1
