2.779644481010197232e-01
3.554122672144256822e-37
9.418270076066523888e-01
3.582217235034079184e-01
9.687906925343673370e-01
5.958985127720280994e-01
3.648810255626368515e-01
3.632244042125165606e-01
4.138830072553288664e-02
3.901805019438207497e-03
7.731017350193312033e-04
1.250740170957420454e-02
1.963874750904142497e-05
7.329930531528714615e-04
3.269944969375117500e-04
3.967908194613784748e-04
3.770916870298504295e-03
1.333048797324612320e-05
3.277719488986232266e-04
3.418003955096170416e-04
7.173356307168036735e-06
1.781816481979737850e-05
7.084687842838338002e-06
1.785385943036207511e-05
3.699684710117384299e-07
1.570983360251026646e-07
5.173080384702224473e-07
3.474464649967995976e-08
3.560043491794489838e-08
1.655089969402567221e-04
5.233258552129072508e-07
3.376760544382164109e-01
5.760687831557916028e-02
7.285843665873589954e-04
4.397740155132021236e-20
1.343719233553843820e-05
1.300292972887290115e-02
5.776597501432950005e-02
3.292587629278311279e-01
4.431597313996981855e-03
1.437177148326138632e-01
5.183448131053220986e-07
2.010630069667747820e-05
4.014737332965108169e-04
3.517321525097461728e-08
1.000000000000000000e+00
5.844334981198882201e-02
1.817954284585729185e-05
3.477997345081613285e-08
8.676009965327033087e-04
1.815865659591136392e-05
1.303559947101902146e-05
4.093633063908653710e-03
4.150417381932304806e-01
2.309226227709168817e-06
3.476918522883055770e-08
2.354864131233468229e-06
