# level assignment, log likelihood, tiebreaker, ID.
0 -184.240982225 0.716988749513 39
1 -267.865663272 0.115390734679 11
3 -180.584525259 0.864637782191 34
4 -180.365690936 0.61149383704 30
4 -180.556298288 0.355914099588 10
4 -181.042276501 0.67374876927 37
5 -180.347271727 0.96029882041 6
6 -180.338356207 0.117508882533 10
8 -180.242330074 0.167448598371 33
10 -179.89321546 0.750613007294 25
10 -179.224525305 0.51500347219 17
9 -180.13065011 0.0641466369846 36
12 -178.24555204 0.200352103168 24
12 -179.277799731 0.985669932466 13
13 -179.036832567 0.318755060708 25
14 -178.570180519 0.711947385244 0
10 -179.927336558 0.128166198988 24
15 -178.146046955 0.0323295486416 18
13 -179.03445782 0.253801076007 2
13 -178.992548981 0.960915512026 6
18 -178.083171268 0.298250066716 34
16 -178.342838136 0.158522629841 21
18 -178.095609104 0.962786627475 32
16 -178.340836869 0.889484600648 21
21 -177.926993936 0.709863961939 35
22 -177.910359799 0.770043193533 29
20 -177.968397653 0.177869704356 35
23 -177.889663097 0.712033294132 14
22 -177.865330745 0.229763651979 34
15 -178.423357307 0.68998065794 1
20 -177.956831849 0.272807643654 17
4 -180.424756053 0.376490311898 38
7 -180.316651195 0.0362782424277 7
12 -179.283832528 0.674985126318 28
1 -228.508734129 0.567268922383 35
17 -178.138074286 0.59334021828 15
9 -180.09179602 0.232503631771 38
7 -180.313893236 0.539700630149 31
5 -180.449999115 0.235725627027 0
10 -179.765894645 0.413475601039 8
2 -184.900624384 0.470580635575 0
19 -177.966395486 0.837733877544 36
16 -178.222023335 0.647777712289 15
13 -178.831633799 0.2147732688 12
23 -177.877403737 0.0510119413226 30
3 -180.524591594 0.845901696756 31
7 -180.302235265 0.409111154456 32
16 -178.322759626 0.630474231215 22
21 -177.888646854 0.719582013039 5
12 -179.109204028 0.193106184614 29
16 -178.323909174 0.332025925083 27
17 -178.16841666 0.107709994586 26
11 -179.480235481 0.0982111452985 34
3 -183.214559872 0.41405311431 23
19 -178.022623606 0.66375101176 37
23 -177.888957087 0.572572878617 7
18 -178.003053076 0.522883983378 12
