-2.122341338363202823e+00
-1.144938428366374383e+00
-4.558469911365100380e+00
-5.743973714263027830e+00
-4.558469911365100380e+00
-4.558469911365100380e+00
-5.743973714263027830e+00
-5.757439740662305461e+00
-8.025488460623066089e+00
-1.073616205278534430e+01
-1.302363610776885139e+01
-9.333846068516821859e+00
-1.767551549488864282e+01
-1.302363610776885317e+01
-1.407179615451099863e+01
-1.434498230562437726e+01
-1.073616205278534608e+01
-1.816247136766353876e+01
-1.407179615451099508e+01
-1.407179615451099508e+01
-1.884502714603690521e+01
-1.767551549488863927e+01
-1.884502714603690876e+01
-1.767551549488863571e+01
-2.196591561778589252e+01
-2.283909558992588984e+01
-2.158929117314145074e+01
-2.436863874273194952e+01
-2.436863874273194952e+01
-1.536618920081304829e+01
-2.158929117314145785e+01
-5.743973714263029606e+00
-7.620523613573807253e+00
-1.302363610776885494e+01
-1.144938428366374383e+00
-1.816247136766353165e+01
-9.333846068516821859e+00
-7.620523613573809030e+00
-5.743973714263029606e+00
-1.073616205278534608e+01
-2.122341338363202823e+00
-2.158929117314145785e+01
-1.767551549488864282e+01
-1.407179615451099686e+01
-2.436863874273194597e+01
-4.558469911365101268e+00
-7.620523613573809030e+00
-1.767551549488864282e+01
-2.436863874273194597e+01
-1.302363610776885139e+01
-1.767551549488864282e+01
-1.816247136766353520e+01
-1.110114844789519317e+01
-2.747877823214173176e+00
-2.003903595526911374e+01
-2.436863874273195307e+01
-2.003903595526911374e+01
